0
4
0
0
5
14
19
12
12
19
24
24
0 0 0 0 0 0 0 0 3 2 10 4 5 7 9 12 10 11 10 10 14 4 3 5
-1 -2 -2 -2 1 0 0 4 4 4 4 3 2 1 1 1 6 6 7 8 9 10 11 14
-3 0 -3 -3 0 16 17 18 19 20 9 10 11 14 15 11 11 11 10 9 8 6 5 4
-1 0 -4 -4 -3 -2 -1 19 19 20 9 -5 -5 -5 -5 -5 -5 2 2 2 2 2 25 6
0 0 0 4 4 4 4 4 4 4 0 -5 -5 -5 -5 -5 -5 2 2 2 2 2 5 6
1 4 4 5 4 3 4 3 2 2 2 -5 -5 -5 -5 -5 -5 2 2 2 2 2 5 6
2 3 1 1 1 1 1 -5 -5 -5 -5 -5 -5 1 1 1 1 1 1 2 2 2 5 6
3 2 1 1 1 1 1 -5 -5 -5 -5 -5 -5 1 1 1 1 1 2 2 2 5 6 6
4 1 1 1 1 1 -5 -5 -5 -5 -5 -5 2 2 2 2 2 2 2 8 9 10 2 2
6 7 5 4 1 -5 -5 -5 -5 -5 -5 2 2 2 2 2 2 -1 -4 -3 -2 0 1 2
8 10 1 1 -5 -5 -5 -5 -5 -5 1 2 2 2 2 2 9 -1 -4 -3 -2 0 1 2
10 11 1 1 -5 -5 -5 -5 -5 -5 1 2 2 2 2 9 10 -1 -4 -3 -2 0 1 2
5 11 1 1 -5 -5 -5 -5 -5 1 1 2 2 2 11 11 11 -3 -3 -3 0 -4 1 2
7 6 1 1 -5 -5 -5 -5 -5 1 1 2 2 2 11 11 11 -1 -3 -3 -3 -1 1 2
10 9 1 1 -5 -5 -5 -5 -5 1 1 2 2 2 16 11 11 -2 0 -3 0 -1 1 2
11 10 1 1 -5 -5 -5 -5 -5 1 1 2 2 2 16 10 10 10 10 10 10 10 10 10
13 11 1 1 -5 -5 -5 -5 -5 1 1 2 2 2 14 10 10 12 13 14 13 12 14 11
11 10 1 1 -5 -5 -5 -5 -5 1 1 2 2 2 13 10 10 10 9 8 7 7 7 8
19 17 1 1 -5 -5 -5 -5 -5 1 1 2 2 2 12 10 10 4 3 2 1 1 1 1
4 14 1 1 1 1 1 1 1 1 1 2 -3 -3 -2 -2 4 1 1 1 1 1 1 1
3 4 1 1 1 1 1 1 1 1 1 2 -4 -4 -4 -4 3 2 2 3 3 4 4 4
1 4 1 1 2 2 2 2 2 2 2 2 -4 -4 -4 -4 2 3 3 3 3 3 3 3
6 3 1 1 3 3 3 3 3 3 3 2 -3 -3 -3 -3 1 3 3 3 3 3 3 3
6 2 1 1 3 3 3 3 3 3 3 2 -2 -2 -2 -2 4 3 3 3 3 3 3 3
